[Variables]
ercf_calib_0 = 1.0
ercf_calib_1 = 0.997900827224
ercf_calib_10 = 1.0
ercf_calib_11 = 1.0
ercf_calib_2 = 1.00172420204
ercf_calib_3 = 0.999808859399
ercf_calib_4 = 0.997900827224
ercf_calib_5 = 0.999808859399
ercf_calib_6 = 0.998853932121
ercf_calib_7 = 0.999808859399
ercf_calib_8 = 0.996342517617
ercf_calib_9 = 1.0
ercf_calib_ref = 891.566208

