[Variables]
ercf_calib_0 = 1.0
ercf_calib_1 = 0.997232109151
ercf_calib_10 = 1.0
ercf_calib_11 = 1.0
ercf_calib_2 = 0.994568087488
ercf_calib_3 = 0.999016066412
ercf_calib_4 = 0.993683240435
ercf_calib_5 = 0.996342517617
ercf_calib_6 = 0.995454511808
ercf_calib_7 = 0.994568087488
ercf_calib_8 = 0.996342517617
ercf_calib_9 = 1.0
ercf_calib_ref = 898.928992

